0 5 0 0 2 6 2
0 7 1 1 1 2
0 3 1 0 3 2 4 6
2 7 0 0 2 4 0
2 1 1 0 1 4
2 5 1 1 3 6 0 4
4 1 0 0 2 2 6
4 3 1 0 1 6
4 7 1 1 3 2 0 6
6 3 0 0 2 0 4
6 5 1 1 1 0
6 1 1 0 3 2 4 0
8 13 0 0 2 14 10
8 15 1 1 1 10
8 11 1 0 3 10 12 14
10 15 0 0 10 12 8
10 9 1 0 1 12
10 13 1 1 3 14 8 12
12 9 0 0 2 10 14
12 11 1 0 1 14
12 15 1 1 3 10 8 14
14 11 0 0 2 8 12
14 13 1 1 1 8
14 9 1 0 3 10 12 8
16 21 0 0 3 18
16 23 1 1 2 18
16 19 1 0 3 18 20
18 23 0 0 3 20 16
18 17 1 0 4 20
18 21 1 1 5 16 20
20 17 0 0 1 18
20 19 1 0 2 16
20 23 1 1 2 18 20 16